image: turtlebot3_world.pgm
resolution: 0.050000
origin: [-8.000000, -10.000000, 0.000000]
negate: 0
occupied_thresh: 0.55
free_thresh: 0.196
